0 1 29.596 12.174
0 2 9.221 32.161
0 3 10.885 35.274
0 4 15.742 16.363
0 5 18.164 30.646
0 6 13.169 40.809
0 7 22.805 32.185
0 8 38.232 21.707
0 9 10.827 18.6
1 2 24.982 41.423
1 3 30.216 24.385
1 4 35.56 36.314
1 5 4.28 44.58
1 6 18.186 28.253
1 7 14.027 25.116
1 8 17.681 44.591
1 9 47.504 27.487
2 3 15.752 6.547
2 4 35.606 42.474
2 5 31.902 15.251
2 6 41.898 2.683
2 7 20.931 28.011
2 8 48.727 7.776
2 9 9.651 44.762
3 4 33.048 29.464
3 5 23.761 16.119
3 6 3.235 5.537
3 7 15.57 39.956
3 8 22.441 13.524
3 9 14.673 33.032
4 5 25.017 34.951
4 6 36.628 47.817
4 7 39.953 30.54
4 8 49.15 2.375
4 9 19.335 45.248
5 6 11.444 2.94
5 7 30.422 49.523
5 8 19.89 14.633
5 9 7.095 49.817
6 7 12.516 25.679
6 8 20.136 17.055
6 9 5.408 4.428
7 8 16.13 36.469
7 9 6.562 16.494
8 9 41.547 26.058