20
50
0 1 25 2
0 2 6 3
0 3 7 3
0 4 16 13
0 5 0.1 14
0 6 88 25
0 7 12 15
0 8 43 48
0 9 92 47
0 10 40.582 25
0 11 17.419 25
0 12 82.385 25
0 13 63.806 25
0 14 26.038 25
0 15 28.991 25
0 16 72.248 25
0 17 62.552 25
0 18 6.174 25
0 19 85.550 25
1 2 1 2
1 3 3 2
1 4 32 13
1 5 23 14
1 6 45 18
1 7 55 21
1 8 32 49
1 9 62 47
1 10 8.043 25
1 11 63.393 25
1 12 32.774 25
1 13 33.878 25
1 14 72.755 25
1 15 89.437 25
1 16 21.550 25
1 17 67.270 25
1 18 87.407 25
1 19 23.341 25
2 3 18 3
2 4 23 21
2 5 19 15
2 6 78 14
2 7 93 13
2 8 39 47
2 9 80 48
2 10 19.749 25
2 11 36.167 25
2 12 65.881 25
2 13 85.554 25
2 14 93.402 25
2 15 95.480 25
2 16 70.944 25
2 17 19.787 25
2 18 77.245 25
2 19 39.184 25
3 4 77 13
3 5 38 14
3 6 96 25
3 7 16 16
3 8 80 50
3 9 98 46
3 10 76.840 25
3 11 42.932 25
3 12 68.073 25
3 13 13.789 25
3 14 75.603 25
3 15 73.081 25
3 16 2.845 25
3 17 65.862 25
3 18 38.226 25
3 19 41.677 25
4 5 50 2.8
4 6 7 3.21
4 7 2.2 0.95
4 8 77 48
4 9 77 49
4 10 99.01 25
4 11 54.084 0
4 12 63.773 25
4 13 43.053 0
4 14 58.238 25
4 15 27.055 0
4 16 99.010 25
4 17 90.298 0
4 18 41.192 25
4 19 99.010 0
5 6 1.400 0.555
5 7 2.2 2.09
5 8 88 49
5 9 39 44
5 10 74.365 25
5 11 8.886 25
5 12 73.688 25
5 13 5.413 25
5 14 33.120 25
5 15 62.186 25
5 16 71.193 25
5 17 50.842 25
5 18 23.073 25
5 19 10.818 25
6 7 28 2.2
6 8 98 47
6 9 43 42
6 10 33.932 25
6 11 86.891 25
6 12 39.596 25
6 13 47.314 25
6 14 64.352 25
6 15 56.141 25
6 16 94.174 25
6 17 88.973 25
6 18 19.318 25
6 19 85.463 25
7 8 98 50
7 9 48 42
7 10 41.688 25
7 11 26.922 25
7 12 20.191 25
7 13 65.358 25
7 14 60.765 25
7 15 92.449 25
7 16 16.982 25
7 17 87.527 25
7 18 95.429 25
7 19 11.558 25
8 9 99 0
8 10 84.922 25
8 11 75.822 25
8 12 43.335 25
8 13 6.188 25
8 14 45.457 25
8 15 29.149 25
8 16 77.952 25
8 17 89.602 25
8 18 70.856 25
8 19 72.525 25
9 10 40.075 25
9 11 56.380 25
9 12 84.248 25
9 13 3.327 25
9 14 11.032 25
9 15 95.978 25
9 16 53.005 25
9 17 35.829 25
9 18 95.916 25
9 19 72.132 25
10 11 99 2
10 12 6 3
10 13 7 3
10 14 16 13
10 15 0.1 14
10 16 88 25
10 17 12 15
10 18 43 48
10 19 92 47
11 12 1 2
11 13 3 2
11 14 32 13
11 15 1 5
11 16 45 18
11 17 1 0
11 18 32 49
11 19 2 2
12 13 99 3
12 14 5 1
12 15 19 15
12 16 78 14
12 17 93 13
12 18 39 47
12 19 80 48
13 14 77 13
13 15 1 0
13 16 96 25
13 17 4 1
13 18 80 50
13 19 2 2
14 15 99 2.8
14 16 7 3.21
14 17 2.2 0.95
14 18 77 48
14 19 77 49
15 16 1.4 0.555
15 17 2.2 2.09
15 18 88 49
15 19 5 0
16 17 99 2.2
16 18 98 47
16 19 43 42
17 18 98 50
17 19 1 1
18 19 99 0