10
19.5
0 1 6.986 1.507
0 2 6.388 1.806
0 3 5.206 2.397
0 4 5.016 2.492
0 5 5.171 2.415
0 6 4.134 2.933
0 7 4.849 2.576
0 8 5.319 2.34
0 9 5.258 2.371
1 2 6.896 1.552
1 3 6.235 1.883
1 4 6.028 1.986
1 5 6.08 1.96
1 6 4.683 2.659
1 7 5.418 2.291
1 8 5.613 2.194
1 9 5.308 2.346
2 3 5.79 2.105
2 4 5.599 2.2
2 5 6.115 1.943
2 6 5.326 2.337
2 7 6.322 1.839
2 8 5.937 2.032
2 9 5.31 2.345
3 4 7.924 1.038
3 5 7.368 1.316
3 6 5.206 2.397
3 7 5.528 2.236
3 8 5.528 2.236
3 9 5.06 2.47
4 5 6.849 1.575
4 6 5.109 2.445
4 7 5.46 2.27
4 8 5.109 2.445
4 9 4.652 2.674
5 6 5.88 2.06
5 7 6.131 1.934
5 8 6.131 1.934
5 9 5.399 2.301
6 7 6.87 1.565
6 8 5.319 2.34
6 9 4.485 2.757
7 8 5.484 2.258
7 9 4.65 2.675
8 9 7.069 1.465